8 0.14 0.7414965986394558 0.21666666666666667 0.14965986394557823
8 0.25583333333333336 0.8248299319727891 0.24166666666666667 0.19387755102040816
8 0.7916666666666666 0.641156462585034 0.09 0.19387755102040816
8 0.8358333333333333 0.5544217687074829 0.058333333333333334 0.14965986394557823
8 0.9241666666666667 0.5952380952380952 0.06166666666666667 0.17006802721088435
8 0.4175 0.5425170068027211 0.10833333333333334 0.15306122448979592
8 0.5025 0.4965986394557823 0.06166666666666667 0.1360544217687075
8 0.5516666666666666 0.4744897959183674 0.056666666666666664 0.09183673469387756
8 0.6683333333333333 0.5119047619047619 0.11333333333333333 0.1326530612244898
8 0.6158333333333333 0.44047619047619047 0.06166666666666667 0.09863945578231292
8 0.5591666666666667 0.3758503401360544 0.041666666666666664 0.08503401360544217
8 0.4725 0.3163265306122449 0.06166666666666667 0.07482993197278912
8 0.425 0.3401360544217687 0.05333333333333334 0.08163265306122448
8 0.3466666666666667 0.4336734693877551 0.043333333333333335 0.09183673469387756
8 0.4091666666666667 0.3979591836734694 0.041666666666666664 0.08843537414965986
8 0.27666666666666667 0.5034013605442177 0.11333333333333333 0.09523809523809523
8 0.18 0.36054421768707484 0.11 0.061224489795918366
8 0.8066666666666666 0.4387755102040816 0.05333333333333334 0.05442176870748299