8 0.10535714285714286 0.6470588235294118 0.10714285714285714 0.13266583229036297
8 0.7767857142857143 0.8460575719649562 0.3107142857142857 0.21777221526908636
8 0.7553571428571428 0.6051314142678348 0.19642857142857142 0.11889862327909888
8 0.31785714285714284 0.5463078848560701 0.09642857142857143 0.08886107634543179
8 0.18928571428571428 0.49123904881101377 0.09642857142857143 0.0688360450563204
8 0.5830357142857143 0.4918648310387985 0.10892857142857143 0.07008760951188986
8 0.925 0.5050062578222778 0.12142857142857143 0.07384230287859825
8 0.8669642857142857 0.4411764705882353 0.09464285714285714 0.056320400500625784
8 0.37589285714285714 0.42240300375469336 0.0875 0.05381727158948686
8 0.2080357142857143 0.4123904881101377 0.14821428571428572 0.04881101376720901
8 0.1375 0.38735919899874843 0.08571428571428572 0.04130162703379224
8 0.5169642857142858 0.4130162703379224 0.11964285714285715 0.05006257822277847