0 0.5638020833333334 0.8185185185185185 0.0046875 0.016666666666666666
0 0.5708333333333333 0.8476851851851852 0.005208333333333333 0.01574074074074074
0 0.5575520833333333 0.825 0.0046875 0.012962962962962963
0 0.55390625 0.8393518518518519 0.005729166666666666 0.01574074074074074
0 0.5505208333333333 0.8490740740740741 0.004166666666666667 0.014814814814814815
0 0.5434895833333333 0.8430555555555556 0.005729166666666666 0.01574074074074074
0 0.5408854166666667 0.8685185185185185 0.0067708333333333336 0.018518518518518517
0 0.5296875 0.8574074074074074 0.005208333333333333 0.014814814814814815
0 0.53671875 0.8935185185185185 0.0046875 0.014814814814814815
0 0.5296875 0.8939814814814815 0.005208333333333333 0.01574074074074074
0 0.5239583333333333 0.8597222222222223 0.003125 0.013888888888888888
0 0.5205729166666667 0.8629629629629629 0.0036458333333333334 0.012962962962962963
0 0.5143229166666666 0.8921296296296296 0.005729166666666666 0.01574074074074074
0 0.5244791666666667 0.9055555555555556 0.005208333333333333 0.014814814814814815
0 0.5020833333333333 0.8763888888888889 0.005208333333333333 0.019444444444444445
0 0.4953125 0.8875 0.005208333333333333 0.01574074074074074
0 0.4890625 0.8842592592592593 0.005208333333333333 0.016666666666666666
0 0.32708333333333334 0.5513888888888889 0.00625 0.012037037037037037
0 0.18072916666666666 0.4060185185185185 0.00625 0.013888888888888888
0 0.2630208333333333 0.35648148148148145 0.007291666666666667 0.014814814814814815
0 0.029166666666666667 0.7680555555555556 0.009375 0.017592592592592594
0 0.04401041666666667 0.3578703703703704 0.011979166666666667 0.021296296296296296
2 0.23776041666666667 0.5324074074074074 0.043229166666666666 0.03888888888888889
2 0.33151041666666664 0.45046296296296295 0.044270833333333336 0.03796296296296296
2 0.4166666666666667 0.45046296296296295 0.04791666666666667 0.04351851851851852