0 0.023697916666666666 0.8328703703703704 0.0078125 0.01574074074074074
0 0.5627604166666667 0.8356481481481481 0.0046875 0.017592592592592594
0 0.5690104166666666 0.8810185185185185 0.005729166666666666 0.017592592592592594
0 0.5565104166666667 0.8421296296296297 0.0046875 0.012037037037037037
0 0.55390625 0.8560185185185185 0.0046875 0.01574074074074074
0 0.5505208333333333 0.8634259259259259 0.004166666666666667 0.013888888888888888
0 0.54296875 0.8611111111111112 0.005729166666666666 0.016666666666666666
0 0.53984375 0.8828703703703704 0.005729166666666666 0.01574074074074074
0 0.5291666666666667 0.8731481481481481 0.004166666666666667 0.014814814814814815
0 0.5359375 0.9069444444444444 0.004166666666666667 0.010185185185185186
0 0.5302083333333333 0.9074074074074074 0.005208333333333333 0.012962962962962963
0 0.5244791666666667 0.8736111111111111 0.004166666666666667 0.012037037037037037
0 0.5192708333333333 0.8712962962962963 0.005208333333333333 0.016666666666666666
0 0.5151041666666667 0.9074074074074074 0.005208333333333333 0.018518518518518517
0 0.525 0.9208333333333333 0.005208333333333333 0.013888888888888888
0 0.5020833333333333 0.8907407407407407 0.004166666666666667 0.016666666666666666
0 0.49661458333333336 0.9023148148148148 0.0036458333333333334 0.01574074074074074
0 0.490625 0.899537037037037 0.004166666666666667 0.01574074074074074
0 0.3346354166666667 0.5995370370370371 0.005729166666666666 0.01574074074074074
0 0.1859375 0.4305555555555556 0.00625 0.011111111111111112
0 0.2671875 0.37824074074074077 0.005208333333333333 0.013888888888888888
0 0.05026041666666667 0.37546296296296294 0.0067708333333333336 0.01574074074074074
2 0.3953125 0.4787037037037037 0.042708333333333334 0.03148148148148148
2 0.3328125 0.4703703703703704 0.03854166666666667 0.03333333333333333
2 0.24270833333333333 0.5527777777777778 0.04583333333333333 0.03888888888888889