0 0.575 0.8439814814814814 0.00625 0.017592592592592594
0 0.56640625 0.8231481481481482 0.0046875 0.018518518518518517
0 0.5591145833333333 0.8305555555555556 0.0046875 0.016666666666666666
0 0.55390625 0.8407407407407408 0.0046875 0.011111111111111112
0 0.5528645833333333 0.8550925925925926 0.0046875 0.01574074074074074
0 0.54609375 0.85 0.0046875 0.014814814814814815
0 0.5416666666666666 0.8763888888888889 0.005208333333333333 0.013888888888888888
0 0.5375 0.8967592592592593 0.004166666666666667 0.013888888888888888
0 0.5302083333333333 0.8648148148148148 0.005208333333333333 0.016666666666666666
0 0.5244791666666667 0.8643518518518518 0.004166666666666667 0.013888888888888888
0 0.5200520833333333 0.8717592592592592 0.0036458333333333334 0.013888888888888888
0 0.5296875 0.8939814814814815 0.005208333333333333 0.013888888888888888
0 0.5252604166666667 0.9101851851851852 0.0046875 0.014814814814814815
0 0.51484375 0.8976851851851851 0.005729166666666666 0.01574074074074074
0 0.5015625 0.8819444444444444 0.00625 0.01574074074074074
0 0.49505208333333334 0.8935185185185185 0.005729166666666666 0.014814814814814815
0 0.48854166666666665 0.8898148148148148 0.005208333333333333 0.016666666666666666
0 0.03203125 0.7324074074074074 0.009895833333333333 0.020370370370370372
0 0.32005208333333335 0.5282407407407408 0.0078125 0.019444444444444445
0 0.26197916666666665 0.3574074074074074 0.005208333333333333 0.012962962962962963
0 0.17838541666666666 0.4060185185185185 0.005729166666666666 0.01574074074074074
0 0.038802083333333334 0.35555555555555557 0.0078125 0.016666666666666666
2 0.23411458333333332 0.5296296296296297 0.0453125 0.03888888888888889
2 0.3307291666666667 0.4486111111111111 0.046875 0.03611111111111111
2 0.43828125 0.43796296296296294 0.0453125 0.044444444444444446