2 0.23515625 0.5194444444444445 0.0453125 0.037037037037037035
2 0.3302083333333333 0.43472222222222223 0.041666666666666664 0.03425925925925926
2 0.4328125 0.42916666666666664 0.04375 0.049074074074074076
0 0.030989583333333334 0.7296296296296296 0.0078125 0.022222222222222223
0 0.3223958333333333 0.525 0.005208333333333333 0.018518518518518517
0 0.17838541666666666 0.39861111111111114 0.005729166666666666 0.01574074074074074
0 0.26119791666666664 0.34675925925925927 0.0067708333333333336 0.01574074074074074
0 0.5739583333333333 0.8324074074074074 0.005208333333333333 0.014814814814814815
0 0.5653645833333333 0.8111111111111111 0.0046875 0.012962962962962963
0 0.55859375 0.8194444444444444 0.0046875 0.016666666666666666
0 0.5536458333333333 0.8296296296296296 0.004166666666666667 0.011111111111111112
0 0.55234375 0.8439814814814814 0.0036458333333333334 0.013888888888888888
0 0.5450520833333333 0.8379629629629629 0.0046875 0.016666666666666666
0 0.5416666666666666 0.8634259259259259 0.00625 0.01574074074074074
0 0.5299479166666666 0.8513888888888889 0.0046875 0.013888888888888888
0 0.5244791666666667 0.8518518518518519 0.004166666666666667 0.012962962962962963
0 0.5200520833333333 0.8537037037037037 0.0046875 0.018518518518518517
0 0.5361979166666667 0.8861111111111111 0.0036458333333333334 0.012962962962962963
0 0.5296875 0.8847222222222222 0.004166666666666667 0.013888888888888888
0 0.5255208333333333 0.8981481481481481 0.005208333333333333 0.014814814814814815
0 0.5145833333333333 0.8861111111111111 0.00625 0.016666666666666666
0 0.5005208333333333 0.8699074074074075 0.00625 0.01574074074074074
0 0.49505208333333334 0.8810185185185185 0.0046875 0.01574074074074074
0 0.48880208333333336 0.8782407407407408 0.005729166666666666 0.01574074074074074
0 0.040625 0.34814814814814815 0.008333333333333333 0.018518518518518517