0 0.5736979166666667 0.8384259259259259 0.0046875 0.017592592592592594
0 0.56484375 0.8101851851851852 0.0046875 0.018518518518518517
0 0.5583333333333333 0.8185185185185185 0.005208333333333333 0.016666666666666666
0 0.5533854166666666 0.8282407407407407 0.0046875 0.013888888888888888
0 0.5518229166666667 0.8439814814814814 0.0046875 0.013888888888888888
0 0.5447916666666667 0.8379629629629629 0.005208333333333333 0.014814814814814815
0 0.5411458333333333 0.862037037037037 0.00625 0.014814814814814815
0 0.5302083333333333 0.850925925925926 0.005208333333333333 0.016666666666666666
0 0.5247395833333334 0.8495370370370371 0.0036458333333333334 0.013888888888888888
0 0.5192708333333333 0.850925925925926 0.004166666666666667 0.016666666666666666
0 0.5364583333333334 0.8819444444444444 0.004166666666666667 0.012037037037037037
0 0.5299479166666666 0.8824074074074074 0.005729166666666666 0.014814814814814815
0 0.5252604166666667 0.8962962962962963 0.0046875 0.012962962962962963
0 0.5153645833333333 0.8847222222222222 0.0067708333333333336 0.01574074074074074
0 0.5002604166666667 0.8671296296296296 0.0046875 0.01574074074074074
0 0.4953125 0.8791666666666667 0.003125 0.01574074074074074
0 0.48932291666666666 0.8768518518518519 0.0046875 0.018518518518518517
0 0.32395833333333335 0.5310185185185186 0.005208333333333333 0.013888888888888888
0 0.26223958333333336 0.3472222222222222 0.0046875 0.011111111111111112
0 0.17942708333333332 0.3972222222222222 0.0046875 0.014814814814814815
0 0.03125 0.7421296296296296 0.009375 0.023148148148148147
0 0.04088541666666667 0.34629629629629627 0.0078125 0.016666666666666666
2 0.23567708333333334 0.5222222222222223 0.04635416666666667 0.040740740740740744
2 0.3296875 0.43657407407407406 0.03958333333333333 0.03611111111111111
2 0.428125 0.4337962962962963 0.04583333333333333 0.03611111111111111