2 0.978125 0.5763888888888888 0.019791666666666666 0.03981481481481482
2 0.9604166666666667 0.5513888888888889 0.016666666666666666 0.03981481481481482
2 0.9377604166666667 0.5236111111111111 0.021354166666666667 0.03611111111111111
2 0.9114583333333334 0.49722222222222223 0.026041666666666668 0.027777777777777776
2 0.88203125 0.5152777777777777 0.025520833333333333 0.017592592592592594
2 0.88515625 0.5388888888888889 0.027604166666666666 0.024074074074074074
2 0.8700520833333333 0.49074074074074076 0.027604166666666666 0.020370370370370372
2 0.8572916666666667 0.47453703703703703 0.029166666666666667 0.017592592592592594
2 0.8559895833333333 0.5430555555555555 0.0296875 0.026851851851851852
2 0.8440104166666667 0.5097222222222222 0.03177083333333333 0.023148148148148147
2 0.83125 0.44351851851851853 0.011458333333333333 0.018518518518518517
2 0.5135416666666667 0.5310185185185186 0.01875 0.025
2 0.5973958333333333 0.4949074074074074 0.021875 0.030555555555555555
2 0.5989583333333334 0.4671296296296296 0.019791666666666666 0.019444444444444445
0 0.9208333333333333 0.5166666666666667 0.003125 0.009259259259259259
0 0.9044270833333333 0.5143518518518518 0.0036458333333333334 0.008333333333333333
0 0.9028645833333333 0.524074074074074 0.0036458333333333334 0.011111111111111112
0 0.9138020833333333 0.5277777777777778 0.0036458333333333334 0.012962962962962963
0 0.9002604166666667 0.5365740740740741 0.0036458333333333334 0.012037037037037037
0 0.9036458333333334 0.5398148148148149 0.004166666666666667 0.012962962962962963
0 0.8169270833333333 0.5125 0.0036458333333333334 0.012037037037037037
0 0.5080729166666667 0.6722222222222223 0.0036458333333333334 0.012962962962962963
0 0.534375 0.6898148148148148 0.004166666666666667 0.012962962962962963
0 0.7247395833333333 0.9328703703703703 0.0067708333333333336 0.019444444444444445