2 0.48020833333333335 0.5296296296296297 0.020833333333333332 0.02962962962962963
2 0.56328125 0.487962962962963 0.022395833333333334 0.024074074074074074
2 0.5640625 0.45925925925925926 0.021875 0.020370370370370372
2 0.8252604166666667 0.4773148148148148 0.025520833333333333 0.019444444444444445
2 0.8122395833333333 0.4597222222222222 0.027604166666666666 0.013888888888888888
2 0.86328125 0.48333333333333334 0.025520833333333333 0.024074074074074074
2 0.88828125 0.5050925925925925 0.019270833333333334 0.03425925925925926
2 0.9255208333333333 0.5532407407407407 0.023958333333333335 0.03425925925925926
2 0.90703125 0.5310185185185186 0.013020833333333334 0.03425925925925926
2 0.7880208333333333 0.4300925925925926 0.009375 0.019444444444444445
2 0.8388020833333333 0.5236111111111111 0.0265625 0.023148148148148147
2 0.8354166666666667 0.4976851851851852 0.023958333333333335 0.013888888888888888
2 0.8114583333333333 0.5263888888888889 0.026041666666666668 0.023148148148148147
2 0.8 0.4962962962962963 0.030208333333333334 0.018518518518518517
0 0.6916666666666667 0.912962962962963 0.005208333333333333 0.022222222222222223
0 0.50859375 0.6916666666666667 0.0036458333333333334 0.014814814814814815
0 0.47317708333333336 0.6689814814814815 0.0026041666666666665 0.012037037037037037
0 0.7744791666666667 0.49907407407407406 0.004166666666666667 0.011111111111111112
0 0.8729166666666667 0.5009259259259259 0.003125 0.007407407407407408
0 0.865625 0.5120370370370371 0.003125 0.011111111111111112
0 0.85703125 0.49953703703703706 0.0036458333333333334 0.008333333333333333
0 0.8552083333333333 0.5074074074074074 0.003125 0.011111111111111112
0 0.8533854166666667 0.5185185185185185 0.0036458333333333334 0.011111111111111112
0 0.8565104166666667 0.5226851851851851 0.0036458333333333334 0.012037037037037037