2 0.9557291666666666 0.5671296296296297 0.019791666666666666 0.03796296296296296
2 0.9375 0.5430555555555555 0.015625 0.03796296296296296
2 0.9169270833333333 0.5162037037037037 0.0203125 0.03425925925925926
2 0.89140625 0.49027777777777776 0.028645833333333332 0.028703703703703703
2 0.8658854166666666 0.5319444444444444 0.0265625 0.023148148148148147
2 0.8611979166666667 0.5060185185185185 0.0265625 0.013888888888888888
2 0.8515625 0.48564814814814816 0.027083333333333334 0.019444444444444445
2 0.8393229166666667 0.46805555555555556 0.0265625 0.01574074074074074
2 0.8380208333333333 0.5370370370370371 0.028125 0.024074074074074074
2 0.8255208333333334 0.5023148148148148 0.029166666666666667 0.023148148148148147
2 0.8135416666666667 0.4375 0.009375 0.019444444444444445
2 0.5838541666666667 0.4925925925925926 0.022916666666666665 0.03148148148148148
2 0.5846354166666666 0.4634259259259259 0.021354166666666667 0.023148148148148147
2 0.49947916666666664 0.5310185185185186 0.020833333333333332 0.030555555555555555
0 0.90078125 0.5101851851851852 0.0036458333333333334 0.009259259259259259
0 0.89375 0.5212962962962963 0.005208333333333333 0.012962962962962963
0 0.884375 0.5074074074074074 0.003125 0.011111111111111112
0 0.8828125 0.5171296296296296 0.003125 0.012037037037037037
0 0.8802083333333334 0.5287037037037037 0.004166666666666667 0.011111111111111112
0 0.8846354166666667 0.5324074074074074 0.0036458333333333334 0.012962962962962963
0 0.7994791666666666 0.5064814814814815 0.004166666666666667 0.012962962962962963
0 0.4934895833333333 0.6689814814814815 0.0036458333333333334 0.012037037037037037
0 0.5239583333333333 0.6902777777777778 0.004166666666666667 0.013888888888888888
0 0.71015625 0.9259259259259259 0.0067708333333333336 0.022222222222222223