2 0.24479166666666666 0.5587962962962963 0.042708333333333334 0.030555555555555555
2 0.39114583333333336 0.4842592592592593 0.04583333333333333 0.03888888888888889
2 0.3341145833333333 0.4740740740740741 0.04114583333333333 0.02962962962962963
0 0.2682291666666667 0.3837962962962963 0.007291666666666667 0.017592592592592594
0 0.18723958333333332 0.4337962962962963 0.0067708333333333336 0.013888888888888888
0 0.33671875 0.6125 0.0078125 0.01574074074074074
0 0.025520833333333333 0.8462962962962963 0.008333333333333333 0.022222222222222223
0 0.5630208333333333 0.8379629629629629 0.004166666666666667 0.016666666666666666
0 0.5697916666666667 0.8875 0.005208333333333333 0.017592592592592594
0 0.55625 0.8444444444444444 0.005208333333333333 0.011111111111111112
0 0.55390625 0.8587962962962963 0.0046875 0.013888888888888888
0 0.55 0.8662037037037037 0.004166666666666667 0.013888888888888888
0 0.54375 0.862037037037037 0.005208333333333333 0.016666666666666666
0 0.540625 0.887962962962963 0.00625 0.016666666666666666
0 0.5291666666666667 0.8763888888888889 0.004166666666666667 0.01574074074074074
0 0.5364583333333334 0.9115740740740741 0.005208333333333333 0.01574074074074074
0 0.5302083333333333 0.9106481481481481 0.00625 0.012037037037037037
0 0.52421875 0.8763888888888889 0.0046875 0.01574074074074074
0 0.51953125 0.8759259259259259 0.0036458333333333334 0.018518518518518517
0 0.5145833333333333 0.9083333333333333 0.005208333333333333 0.014814814814814815
0 0.525 0.9231481481481482 0.004166666666666667 0.014814814814814815
0 0.5026041666666666 0.8953703703703704 0.005208333333333333 0.014814814814814815
0 0.49765625 0.9060185185185186 0.005729166666666666 0.013888888888888888
0 0.49140625 0.9046296296296297 0.0067708333333333336 0.014814814814814815
0 0.05026041666666667 0.37962962962962965 0.008854166666666666 0.016666666666666666