1 0.203125 0.9277777777777778 0.03958333333333333 0.07777777777777778
2 0.5416666666666666 0.40694444444444444 0.021875 0.032407407407407406
2 0.6296875 0.3726851851851852 0.025 0.026851851851851852
2 0.63125 0.3425925925925926 0.021875 0.024074074074074074
2 0.98515625 0.4115740740740741 0.021354166666666667 0.03425925925925926
2 0.95625 0.3861111111111111 0.027083333333333334 0.03148148148148148
2 0.9252604166666667 0.40185185185185185 0.03177083333333333 0.020370370370370372
2 0.928125 0.42592592592592593 0.029166666666666667 0.025925925925925925
2 0.915625 0.3773148148148148 0.028125 0.021296296296296296
2 0.9018229166666667 0.3578703703703704 0.030729166666666665 0.01574074074074074
2 0.8721354166666667 0.3296296296296296 0.0109375 0.016666666666666666
2 0.8869791666666667 0.3958333333333333 0.03125 0.021296296296296296
2 0.8979166666666667 0.4305555555555556 0.030208333333333334 0.025925925925925925
0 0.55 0.5546296296296296 0.003125 0.011111111111111112
0 0.7419270833333333 0.8009259259259259 0.0067708333333333336 0.022222222222222223
0 0.96796875 0.4046296296296296 0.0036458333333333334 0.011111111111111112
0 0.9533854166666667 0.4009259259259259 0.0036458333333333334 0.009259259259259259
0 0.9611979166666667 0.4152777777777778 0.0036458333333333334 0.012037037037037037
0 0.94375 0.42453703703703705 0.003125 0.012037037037037037
0 0.946875 0.42824074074074076 0.003125 0.012037037037037037
0 0.9494791666666667 0.41203703703703703 0.003125 0.011111111111111112
0 0.85703125 0.3972222222222222 0.0046875 0.012962962962962963
0 0.7958333333333333 0.4310185185185185 0.003125 0.008333333333333333