2 0.41119791666666666 0.45555555555555555 0.04635416666666667 0.03888888888888889
2 0.33229166666666665 0.4537037037037037 0.041666666666666664 0.040740740740740744
2 0.24270833333333333 0.5365740740740741 0.052083333333333336 0.03981481481481482
0 0.32838541666666665 0.562037037037037 0.0078125 0.014814814814814815
0 0.2638020833333333 0.36157407407407405 0.0067708333333333336 0.013888888888888888
0 0.18203125 0.4134259259259259 0.0067708333333333336 0.01574074074074074
0 0.028125 0.7800925925925926 0.008333333333333333 0.021296296296296296
0 0.5635416666666667 0.8208333333333333 0.005208333333333333 0.01574074074074074
0 0.5705729166666667 0.8569444444444444 0.005729166666666666 0.017592592592592594
0 0.5567708333333333 0.8277777777777777 0.005208333333333333 0.014814814814814815
0 0.55390625 0.8425925925925926 0.0046875 0.014814814814814815
0 0.5505208333333333 0.8513888888888889 0.004166666666666667 0.013888888888888888
0 0.54375 0.8476851851851852 0.005208333333333333 0.01574074074074074
0 0.5401041666666667 0.8722222222222222 0.005208333333333333 0.014814814814814815
0 0.53671875 0.8986111111111111 0.0046875 0.01574074074074074
0 0.5291666666666667 0.8935185185185185 0.005208333333333333 0.016666666666666666
0 0.5236979166666667 0.9069444444444444 0.005729166666666666 0.012037037037037037
0 0.5294270833333333 0.861574074074074 0.0046875 0.013888888888888888
0 0.52421875 0.8638888888888889 0.0046875 0.014814814814814815
0 0.51953125 0.8629629629629629 0.0036458333333333334 0.014814814814814815
0 0.5138020833333333 0.8944444444444445 0.005729166666666666 0.014814814814814815
0 0.5018229166666667 0.8791666666666667 0.005729166666666666 0.01574074074074074
0 0.49505208333333334 0.8916666666666667 0.0046875 0.018518518518518517
0 0.48880208333333336 0.8865740740740741 0.0046875 0.01574074074074074
0 0.044270833333333336 0.36018518518518516 0.008333333333333333 0.016666666666666666