2 0.40703125 0.462037037037037 0.0484375 0.044444444444444446
2 0.3328125 0.45740740740740743 0.046875 0.03888888888888889
2 0.23958333333333334 0.5412037037037037 0.04479166666666667 0.04722222222222222
0 0.33151041666666664 0.5726851851851852 0.0067708333333333336 0.017592592592592594
0 0.26510416666666664 0.36898148148148147 0.007291666666666667 0.021296296296296296
0 0.18229166666666666 0.41805555555555557 0.00625 0.013888888888888888
0 0.028125 0.7962962962962963 0.0125 0.025925925925925925
0 0.5635416666666667 0.825 0.00625 0.012962962962962963
0 0.5690104166666666 0.861574074074074 0.0067708333333333336 0.01574074074074074
0 0.5565104166666667 0.8319444444444445 0.005729166666666666 0.013888888888888888
0 0.55390625 0.8467592592592592 0.0036458333333333334 0.013888888888888888
0 0.55 0.8560185185185185 0.004166666666666667 0.013888888888888888
0 0.5432291666666667 0.850925925925926 0.005208333333333333 0.016666666666666666
0 0.5395833333333333 0.8736111111111111 0.00625 0.01574074074074074
0 0.5354166666666667 0.899537037037037 0.005208333333333333 0.013888888888888888
0 0.5299479166666666 0.8981481481481481 0.0046875 0.011111111111111112
0 0.5286458333333334 0.8634259259259259 0.005208333333333333 0.012037037037037037
0 0.5234375 0.8638888888888889 0.004166666666666667 0.011111111111111112
0 0.5190104166666667 0.8689814814814815 0.0046875 0.012037037037037037
0 0.5239583333333333 0.9115740740740741 0.005208333333333333 0.01574074074074074
0 0.5138020833333333 0.8986111111111111 0.005729166666666666 0.013888888888888888
0 0.50078125 0.8842592592592593 0.005729166666666666 0.022222222222222223
0 0.4953125 0.8939814814814815 0.005208333333333333 0.013888888888888888
0 0.4890625 0.8898148148148148 0.00625 0.014814814814814815
0 0.04505208333333333 0.3648148148148148 0.0067708333333333336 0.018518518518518517