0 0.5809895833333333 0.9671296296296297 0.005729166666666666 0.021296296296296296
0 0.5700520833333333 0.9555555555555556 0.005729166666666666 0.020370370370370372
0 0.5638020833333334 0.9648148148148148 0.005729166666666666 0.020370370370370372
0 0.5572916666666666 0.9731481481481481 0.005208333333333333 0.014814814814814815
0 0.5572916666666666 0.9888888888888889 0.00625 0.012962962962962963
0 0.54921875 0.9833333333333333 0.005729166666666666 0.016666666666666666
0 0.31171875 0.6189814814814815 0.0067708333333333336 0.017592592592592594
0 0.26328125 0.47129629629629627 0.0078125 0.018518518518518517
0 0.17760416666666667 0.5199074074074074 0.00625 0.019444444444444445
0 0.0265625 0.8194444444444444 0.008333333333333333 0.018518518518518517
0 0.022916666666666665 0.45092592592592595 0.005208333333333333 0.018518518518518517
2 0.22994791666666667 0.6462962962962963 0.0453125 0.03888888888888889
2 0.3299479166666667 0.5638888888888889 0.04010416666666667 0.03518518518518519
2 0.4640625 0.5444444444444444 0.04895833333333333 0.04259259259259259