0 0.5822916666666667 0.9898148148148148 0.007291666666666667 0.014814814814814815
0 0.57265625 0.9819444444444444 0.005729166666666666 0.021296296296296296
0 0.5645833333333333 0.9902777777777778 0.005208333333333333 0.01574074074074074
0 0.31015625 0.638425925925926 0.0067708333333333336 0.017592592592592594
0 0.2638020833333333 0.4976851851851852 0.005729166666666666 0.01574074074074074
0 0.17708333333333334 0.5430555555555555 0.005208333333333333 0.01574074074074074
0 0.026822916666666665 0.8393518518518519 0.0109375 0.023148148148148147
0 0.0234375 0.4740740740740741 0.005208333333333333 0.016666666666666666
2 0.22760416666666666 0.6680555555555555 0.04791666666666667 0.03796296296296296
2 0.3299479166666667 0.5879629629629629 0.04635416666666667 0.04259259259259259
2 0.46901041666666665 0.5643518518518519 0.0453125 0.041666666666666664