2 0.9875 0.5726851851851852 0.019791666666666666 0.03796296296296296
2 0.9713541666666666 0.5462962962962963 0.015625 0.03518518518518519
2 0.94921875 0.5203703703703704 0.0203125 0.03333333333333333
2 0.92109375 0.49444444444444446 0.027604166666666666 0.02962962962962963
2 0.8671875 0.4703703703703704 0.028125 0.018518518518518517
2 0.8807291666666667 0.4875 0.026041666666666668 0.023148148148148147
2 0.8911458333333333 0.5101851851851852 0.03125 0.016666666666666666
2 0.8950520833333333 0.5356481481481481 0.027604166666666666 0.025
2 0.8533854166666667 0.5069444444444444 0.030729166666666665 0.025
2 0.8651041666666667 0.5398148148148149 0.029166666666666667 0.022222222222222223
2 0.8401041666666667 0.4412037037037037 0.011458333333333333 0.019444444444444445
2 0.6057291666666667 0.4888888888888889 0.021875 0.027777777777777776
2 0.6067708333333334 0.45740740740740743 0.021875 0.022222222222222223
2 0.51953125 0.5254629629629629 0.021354166666666667 0.028703703703703703
0 0.93125 0.5148148148148148 0.003125 0.007407407407407408
0 0.9153645833333334 0.5101851851851852 0.0046875 0.007407407407407408
0 0.92421875 0.524074074074074 0.0046875 0.011111111111111112
0 0.9127604166666666 0.5199074074074074 0.0046875 0.012037037037037037
0 0.9106770833333333 0.5333333333333333 0.0036458333333333334 0.011111111111111112
0 0.9138020833333333 0.5365740740740741 0.0036458333333333334 0.010185185185185186
0 0.8255208333333334 0.5083333333333333 0.004166666666666667 0.012962962962962963
0 0.5190104166666667 0.6666666666666666 0.0036458333333333334 0.011111111111111112
0 0.53515625 0.6819444444444445 0.0046875 0.013888888888888888
0 0.7296875 0.9254629629629629 0.00625 0.019444444444444445