2 0.9932291666666667 0.5546296296296296 0.013541666666666667 0.03148148148148148
2 0.9786458333333333 0.5342592592592592 0.016666666666666666 0.03333333333333333
2 0.95703125 0.5060185185185185 0.0203125 0.030555555555555555
2 0.9286458333333333 0.47962962962962963 0.026041666666666668 0.024074074074074074
2 0.8747395833333333 0.45601851851851855 0.028645833333333332 0.01574074074074074
2 0.8872395833333333 0.4736111111111111 0.0265625 0.019444444444444445
2 0.8979166666666667 0.4949074074074074 0.030208333333333334 0.019444444444444445
2 0.9018229166666667 0.5212962962962963 0.027604166666666666 0.024074074074074074
2 0.86015625 0.4925925925925926 0.030729166666666665 0.022222222222222223
2 0.87265625 0.5189814814814815 0.0296875 0.013888888888888888
2 0.8463541666666666 0.42453703703703705 0.011458333333333333 0.01574074074074074
2 0.6104166666666667 0.4708333333333333 0.021875 0.026851851851851852
2 0.6122395833333333 0.44537037037037036 0.021354166666666667 0.020370370370370372
2 0.5252604166666667 0.5078703703703704 0.019270833333333334 0.032407407407407406
0 0.9395833333333333 0.5 0.003125 0.011111111111111112
0 0.9236979166666667 0.49675925925925923 0.0036458333333333334 0.008333333333333333
0 0.9328125 0.5097222222222222 0.004166666666666667 0.012037037037037037
0 0.9203125 0.5064814814814815 0.004166666666666667 0.012962962962962963
0 0.9174479166666667 0.5203703703703704 0.0036458333333333334 0.012962962962962963
0 0.9221354166666667 0.5231481481481481 0.005729166666666666 0.011111111111111112
0 0.8322916666666667 0.4935185185185185 0.004166666666666667 0.011111111111111112
0 0.53828125 0.6606481481481481 0.0046875 0.010185185185185186
0 0.5247395833333334 0.649074074074074 0.0036458333333333334 0.009259259259259259
0 0.7328125 0.9074074074074074 0.007291666666666667 0.018518518518518517