1 0.22421875 0.7486111111111111 0.0328125 0.0787037037037037
1 0.23802083333333332 0.6453703703703704 0.030208333333333334 0.05740740740740741
2 0.5596354166666667 0.14027777777777778 0.019270833333333334 0.030555555555555555
2 0.6526041666666667 0.10092592592592593 0.025 0.02962962962962963
2 0.65625 0.06944444444444445 0.022916666666666665 0.020370370370370372
2 0.9947916666666666 0.11527777777777778 0.011458333333333333 0.026851851851851852
2 0.9677083333333333 0.1685185185185185 0.03125 0.025925925925925925
2 0.9684895833333333 0.1388888888888889 0.0328125 0.020370370370370372
2 0.9604166666666667 0.10972222222222222 0.027083333333333334 0.023148148148148147
2 0.946875 0.08888888888888889 0.03333333333333333 0.022222222222222223
2 0.9151041666666667 0.056018518518518516 0.013541666666666667 0.023148148148148147
2 0.9341145833333333 0.1726851851851852 0.030729166666666665 0.026851851851851852
2 0.9276041666666667 0.13148148148148148 0.036458333333333336 0.025925925925925925
0 0.559375 0.28935185185185186 0.003125 0.008333333333333333
0 0.7453125 0.5430555555555555 0.004166666666666667 0.01574074074074074
0 0.9940104166666667 0.15092592592592594 0.0036458333333333334 0.009259259259259259
0 0.98671875 0.1625 0.0036458333333333334 0.010185185185185186
0 0.9888020833333333 0.16898148148148148 0.0036458333333333334 0.010185185185185186
0 0.8940104166666667 0.13240740740740742 0.005729166666666666 0.012962962962962963