0 0.5130208333333334 0.6726851851851852 0.003125 0.008333333333333333
0 0.5346354166666667 0.6902777777777778 0.0026041666666666665 0.010185185185185186
0 0.7268229166666667 0.9342592592592592 0.0067708333333333336 0.020370370370370372
0 0.92578125 0.5194444444444445 0.0036458333333333334 0.009259259259259259
0 0.9096354166666667 0.5166666666666667 0.0036458333333333334 0.007407407407407408
0 0.9190104166666667 0.5310185185185186 0.0036458333333333334 0.010185185185185186
0 0.9072916666666667 0.5268518518518519 0.003125 0.009259259259259259
0 0.90546875 0.5388888888888889 0.0036458333333333334 0.009259259259259259
0 0.90859375 0.5425925925925926 0.0036458333333333334 0.009259259259259259
0 0.82109375 0.5138888888888888 0.0036458333333333334 0.012962962962962963
2 0.9830729166666666 0.5782407407407407 0.021354166666666667 0.03796296296296296
2 0.9640625 0.5532407407407407 0.014583333333333334 0.03425925925925926
2 0.9434895833333333 0.5268518518518519 0.021354166666666667 0.03518518518518519
2 0.9171875 0.49907407407407406 0.029166666666666667 0.027777777777777776
2 0.8611979166666667 0.47638888888888886 0.0296875 0.01574074074074074
2 0.875 0.4949074074074074 0.027083333333333334 0.021296296296296296
2 0.8841145833333334 0.5143518518518518 0.0265625 0.013888888888888888
2 0.8893229166666666 0.5416666666666666 0.028645833333333332 0.024074074074074074
2 0.8481770833333333 0.5125 0.03177083333333333 0.025
2 0.8604166666666667 0.5458333333333333 0.028125 0.025
2 0.83515625 0.4439814814814815 0.0140625 0.017592592592592594
2 0.515625 0.5314814814814814 0.020833333333333332 0.027777777777777776
2 0.60078125 0.4949074074074074 0.024479166666666666 0.026851851851851852
2 0.6013020833333333 0.4666666666666667 0.0234375 0.020370370370370372