1 0.21458333333333332 0.8759259259259259 0.022916666666666665 0.03333333333333333
1 0.19947916666666668 0.9671296296296297 0.028125 0.06574074074074074
0 0.74375 0.7486111111111111 0.005208333333333333 0.019444444444444445
0 0.5518229166666667 0.5018518518518519 0.0046875 0.014814814814814815
0 0.96328125 0.35324074074074074 0.0036458333333333334 0.008333333333333333
0 0.97734375 0.3541666666666667 0.0036458333333333334 0.010185185185185186
0 0.9716145833333333 0.362962962962963 0.0046875 0.011111111111111112
0 0.9526041666666667 0.3736111111111111 0.003125 0.010185185185185186
0 0.95546875 0.37916666666666665 0.0036458333333333334 0.012037037037037037
0 0.8651041666666667 0.3472222222222222 0.003125 0.011111111111111112
0 0.8020833333333334 0.38101851851851853 0.003125 0.010185185185185186
2 0.9916666666666667 0.36157407407407405 0.015625 0.032407407407407406
2 0.9661458333333334 0.33611111111111114 0.029166666666666667 0.03148148148148148
2 0.9364583333333333 0.37824074074074077 0.028125 0.025
2 0.9346354166666667 0.3509259259259259 0.03177083333333333 0.024074074074074074
2 0.9244791666666666 0.3263888888888889 0.029166666666666667 0.019444444444444445
2 0.9106770833333333 0.3074074074074074 0.0296875 0.018518518518518517
2 0.9057291666666667 0.3819444444444444 0.030208333333333334 0.025
2 0.8934895833333333 0.34629629629629627 0.030729166666666665 0.022222222222222223
2 0.88046875 0.27870370370370373 0.0109375 0.018518518518518517
2 0.5484375 0.35555555555555557 0.020833333333333332 0.027777777777777776
2 0.6354166666666666 0.3194444444444444 0.021875 0.027777777777777776
2 0.6380208333333334 0.2912037037037037 0.020833333333333332 0.019444444444444445