0 0.5794270833333334 0.9296296296296296 0.005729166666666666 0.018518518518518517
0 0.5692708333333333 0.9171296296296296 0.007291666666666667 0.023148148148148147
0 0.5619791666666667 0.925 0.005208333333333333 0.020370370370370372
0 0.55703125 0.9361111111111111 0.005729166666666666 0.016666666666666666
0 0.5559895833333334 0.9518518518518518 0.0046875 0.014814814814814815
0 0.5481770833333334 0.9453703703703704 0.0067708333333333336 0.016666666666666666
0 0.54453125 0.9699074074074074 0.005729166666666666 0.019444444444444445
0 0.5317708333333333 0.9578703703703704 0.005208333333333333 0.017592592592592594
0 0.5260416666666666 0.9583333333333334 0.004166666666666667 0.018518518518518517
0 0.5203125 0.9643518518518519 0.00625 0.021296296296296296
0 0.5390625 0.9939814814814815 0.00625 0.012037037037037037
0 0.5020833333333333 0.9800925925925926 0.00625 0.017592592592592594
0 0.5158854166666667 0.9935185185185185 0.0067708333333333336 0.011111111111111112
0 0.4947916666666667 0.9907407407407407 0.005208333333333333 0.018518518518518517
0 0.48854166666666665 0.9884259259259259 0.005208333333333333 0.017592592592592594
0 0.028125 0.7912037037037037 0.007291666666666667 0.019444444444444445
0 0.31484375 0.5916666666666667 0.0067708333333333336 0.012962962962962963
0 0.26328125 0.43796296296296294 0.0067708333333333336 0.020370370370370372
0 0.17760416666666667 0.48703703703703705 0.008333333333333333 0.016666666666666666
2 0.23020833333333332 0.6125 0.046875 0.04351851851851852
2 0.32864583333333336 0.5300925925925926 0.041666666666666664 0.04537037037037037
2 0.45755208333333336 0.5152777777777777 0.0453125 0.041666666666666664