0 0.184375 0.42407407407407405 0.005208333333333333 0.012962962962962963
0 0.26588541666666665 0.37546296296296294 0.0046875 0.01574074074074074
0 0.3333333333333333 0.5907407407407408 0.005208333333333333 0.014814814814814815
0 0.025260416666666667 0.8189814814814815 0.0078125 0.01574074074074074
0 0.5638020833333334 0.8314814814814815 0.0046875 0.014814814814814815
0 0.56953125 0.8740740740740741 0.005729166666666666 0.018518518518518517
0 0.55625 0.8393518518518519 0.005208333333333333 0.013888888888888888
0 0.5536458333333333 0.8523148148148149 0.005208333333333333 0.013888888888888888
0 0.55 0.8611111111111112 0.004166666666666667 0.014814814814814815
0 0.5432291666666667 0.8569444444444444 0.005208333333333333 0.019444444444444445
0 0.540625 0.8810185185185185 0.007291666666666667 0.013888888888888888
0 0.5291666666666667 0.8703703703703703 0.005208333333333333 0.014814814814814815
0 0.525 0.8712962962962963 0.004166666666666667 0.014814814814814815
0 0.5205729166666667 0.8703703703703703 0.0036458333333333334 0.018518518518518517
0 0.5359375 0.9046296296296297 0.005208333333333333 0.012962962962962963
0 0.5294270833333333 0.9050925925925926 0.005729166666666666 0.012037037037037037
0 0.525 0.9175925925925926 0.005208333333333333 0.012962962962962963
0 0.5138020833333333 0.9037037037037037 0.0067708333333333336 0.016666666666666666
0 0.5015625 0.8893518518518518 0.00625 0.017592592592592594
0 0.49609375 0.9 0.0046875 0.014814814814814815
0 0.4901041666666667 0.8972222222222223 0.00625 0.018518518518518517
0 0.04869791666666667 0.3712962962962963 0.008854166666666666 0.016666666666666666
2 0.24192708333333332 0.5504629629629629 0.0453125 0.03981481481481482
2 0.3341145833333333 0.4652777777777778 0.04114583333333333 0.03796296296296296
2 0.40182291666666664 0.47314814814814815 0.04635416666666667 0.044444444444444446