2 0.5309895833333333 0.4824074074074074 0.019270833333333334 0.025925925925925925
2 0.6166666666666667 0.44814814814814813 0.021875 0.027777777777777776
2 0.6184895833333334 0.4199074074074074 0.022395833333333334 0.019444444444444445
2 0.9893229166666667 0.5064814814814815 0.0203125 0.025925925925925925
2 0.9666666666666667 0.48194444444444445 0.021875 0.03981481481481482
2 0.9375 0.45555555555555555 0.028125 0.03333333333333333
2 0.9098958333333333 0.4976851851851852 0.029166666666666667 0.023148148148148147
2 0.8966145833333333 0.45092592592592595 0.027604166666666666 0.018518518518518517
2 0.9057291666666667 0.4726851851851852 0.029166666666666667 0.01574074074074074
2 0.8838541666666667 0.43194444444444446 0.034375 0.017592592592592594
2 0.8544270833333333 0.4023148148148148 0.011979166666666667 0.01574074074074074
2 0.8799479166666667 0.5037037037037037 0.028645833333333332 0.024074074074074074
2 0.86875 0.46805555555555556 0.028125 0.019444444444444445
0 0.9481770833333333 0.4759259259259259 0.0036458333333333334 0.009259259259259259
0 0.94140625 0.487962962962963 0.0046875 0.009259259259259259
0 0.9333333333333333 0.475 0.005208333333333333 0.011111111111111112
0 0.92890625 0.4828703703703704 0.0046875 0.010185185185185186
0 0.92578125 0.49537037037037035 0.0036458333333333334 0.011111111111111112
0 0.9294270833333333 0.5018518518518519 0.0036458333333333334 0.011111111111111112
0 0.8408854166666667 0.4708333333333333 0.0046875 0.012037037037037037
0 0.5419270833333333 0.6342592592592593 0.005729166666666666 0.014814814814814815
0 0.53125 0.625462962962963 0.003125 0.010185185185185186
0 0.7359375 0.8824074074074074 0.007291666666666667 0.022222222222222223
0 0.7802083333333333 0.5023148148148148 0.003125 0.010185185185185186