2 0.9947916666666666 0.48333333333333334 0.010416666666666666 0.037037037037037035
2 0.9763020833333333 0.4546296296296296 0.0203125 0.03148148148148148
2 0.94765625 0.4273148148148148 0.028645833333333332 0.030555555555555555
2 0.91953125 0.4671296296296296 0.025520833333333333 0.026851851851851852
2 0.9177083333333333 0.4439814814814815 0.026041666666666668 0.017592592592592594
2 0.9065104166666667 0.41944444444444445 0.028645833333333332 0.020370370370370372
2 0.8932291666666666 0.4 0.03125 0.018518518518518517
2 0.8638020833333333 0.37175925925925923 0.011979166666666667 0.017592592592592594
2 0.8770833333333333 0.4361111111111111 0.03125 0.024074074074074074
2 0.8885416666666667 0.4708333333333333 0.03229166666666667 0.026851851851851852
2 0.6234375 0.4134259259259259 0.021875 0.028703703703703703
2 0.6255208333333333 0.3851851851851852 0.020833333333333332 0.022222222222222223
2 0.5375 0.449537037037037 0.019791666666666666 0.025
0 0.9583333333333334 0.44583333333333336 0.003125 0.008333333333333333
0 0.9518229166666666 0.45555555555555555 0.0046875 0.011111111111111112
0 0.94375 0.4439814814814815 0.004166666666666667 0.010185185185185186
0 0.9393229166666667 0.45092592592592595 0.0036458333333333334 0.009259259259259259
0 0.93515625 0.46435185185185185 0.0036458333333333334 0.012037037037037037
0 0.93828125 0.4689814814814815 0.0036458333333333334 0.012037037037037037
0 0.84921875 0.43796296296296294 0.0046875 0.012962962962962963
0 0.5455729166666666 0.5981481481481481 0.0046875 0.012962962962962963
0 0.7401041666666667 0.8472222222222222 0.00625 0.022222222222222223
0 0.78828125 0.47129629629629627 0.0036458333333333334 0.009259259259259259
1 0.19635416666666666 0.9731481481481481 0.03333333333333333 0.05