1 0.23072916666666668 0.7277777777777777 0.03125 0.06111111111111111
0 0.7450520833333333 0.6180555555555556 0.0046875 0.01574074074074074
0 0.5565104166666667 0.3685185185185185 0.0046875 0.012962962962962963
0 0.9846354166666667 0.2199074074074074 0.0036458333333333334 0.012037037037037037
0 0.9911458333333333 0.23148148148148148 0.004166666666666667 0.012962962962962963
0 0.9786458333333333 0.2300925925925926 0.004166666666666667 0.012037037037037037
0 0.9721354166666667 0.24444444444444444 0.0036458333333333334 0.009259259259259259
0 0.9747395833333333 0.25 0.0036458333333333334 0.012962962962962963
0 0.8828125 0.21574074074074073 0.004166666666666667 0.011111111111111112
0 0.8158854166666667 0.2537037037037037 0.0036458333333333334 0.012962962962962963
2 0.9856770833333334 0.20185185185185187 0.025520833333333333 0.025925925925925925
2 0.9325520833333333 0.1736111111111111 0.030729166666666665 0.019444444444444445
2 0.9447916666666667 0.19212962962962962 0.029166666666666667 0.019444444444444445
2 0.9541666666666667 0.22083333333333333 0.03333333333333333 0.021296296296296296
2 0.9546875 0.24583333333333332 0.029166666666666667 0.025
2 0.921875 0.2513888888888889 0.030208333333333334 0.026851851851851852
2 0.9130208333333333 0.21435185185185185 0.034375 0.026851851851851852
2 0.9010416666666666 0.14351851851851852 0.016666666666666666 0.020370370370370372
2 0.55625 0.22175925925925927 0.020833333333333332 0.026851851851851852
2 0.64609375 0.1865740740740741 0.0234375 0.030555555555555555
2 0.6486979166666667 0.15648148148148147 0.021354166666666667 0.025925925925925925