0 0.5778645833333333 0.8888888888888888 0.0046875 0.012962962962962963
0 0.5682291666666667 0.8759259259259259 0.005208333333333333 0.014814814814814815
0 0.56015625 0.8833333333333333 0.005729166666666666 0.016666666666666666
0 0.5557291666666667 0.8939814814814815 0.004166666666666667 0.013888888888888888
0 0.5541666666666667 0.9092592592592592 0.004166666666666667 0.012962962962962963
0 0.5473958333333333 0.9032407407407408 0.005208333333333333 0.017592592592592594
0 0.5440104166666667 0.9282407407407407 0.0078125 0.021296296296296296
0 0.5315104166666667 0.9166666666666666 0.0046875 0.016666666666666666
0 0.5255208333333333 0.9175925925925926 0.004166666666666667 0.014814814814814815
0 0.5200520833333333 0.9212962962962963 0.0046875 0.016666666666666666
0 0.5380208333333333 0.950925925925926 0.005208333333333333 0.012962962962962963
0 0.53125 0.9490740740740741 0.005208333333333333 0.020370370370370372
0 0.5260416666666666 0.9675925925925926 0.00625 0.016666666666666666
0 0.5153645833333333 0.9523148148148148 0.005729166666666666 0.01574074074074074
0 0.5013020833333334 0.9384259259259259 0.0046875 0.019444444444444445
0 0.4942708333333333 0.9472222222222222 0.005208333333333333 0.020370370370370372
0 0.48854166666666665 0.9449074074074074 0.00625 0.021296296296296296
0 0.03177083333333333 0.7625 0.010416666666666666 0.025
0 0.17786458333333333 0.45185185185185184 0.0046875 0.014814814814814815
0 0.26328125 0.4027777777777778 0.0067708333333333336 0.014814814814814815
0 0.31640625 0.562962962962963 0.005729166666666666 0.016666666666666666
0 0.02265625 0.38287037037037036 0.0067708333333333336 0.017592592592592594
2 0.23229166666666667 0.5740740740740741 0.04583333333333333 0.046296296296296294
2 0.32916666666666666 0.4930555555555556 0.04375 0.049074074074074076
2 0.45338541666666665 0.4791666666666667 0.04635416666666667 0.04722222222222222