2 0.42135416666666664 0.4425925925925926 0.04479166666666667 0.040740740740740744
2 0.33046875 0.4444444444444444 0.044270833333333336 0.03888888888888889
2 0.23854166666666668 0.5273148148148148 0.05 0.04722222222222222
0 0.3268229166666667 0.5416666666666666 0.0067708333333333336 0.014814814814814815
0 0.26328125 0.3527777777777778 0.0067708333333333336 0.014814814814814815
0 0.18072916666666666 0.40370370370370373 0.007291666666666667 0.016666666666666666
0 0.030989583333333334 0.7546296296296297 0.0109375 0.024074074074074074
0 0.5723958333333333 0.8412037037037037 0.004166666666666667 0.01574074074074074
0 0.5651041666666666 0.8152777777777778 0.00625 0.01574074074074074
0 0.5578125 0.8226851851851852 0.005208333333333333 0.01574074074074074
0 0.553125 0.8333333333333334 0.004166666666666667 0.012962962962962963
0 0.5515625 0.8449074074074074 0.004166666666666667 0.017592592592592594
0 0.5450520833333333 0.8402777777777778 0.005729166666666666 0.01574074074074074
0 0.5408854166666667 0.8652777777777778 0.0067708333333333336 0.019444444444444445
0 0.53046875 0.8513888888888889 0.005729166666666666 0.017592592592592594
0 0.53671875 0.8870370370370371 0.0046875 0.014814814814814815
0 0.5299479166666666 0.8875 0.0067708333333333336 0.013888888888888888
0 0.525 0.9018518518518519 0.00625 0.014814814814814815
0 0.5143229166666666 0.8888888888888888 0.0067708333333333336 0.014814814814814815
0 0.5252604166666667 0.8564814814814815 0.0046875 0.016666666666666666
0 0.51953125 0.8564814814814815 0.0046875 0.016666666666666666
0 0.5010416666666667 0.8726851851851852 0.005208333333333333 0.017592592592592594
0 0.49505208333333334 0.8828703703703704 0.0046875 0.01574074074074074
0 0.4895833333333333 0.8805555555555555 0.005208333333333333 0.018518518518518517
0 0.0421875 0.35138888888888886 0.008333333333333333 0.017592592592592594