0 0.5765625 0.8601851851851852 0.005208333333333333 0.014814814814814815
0 0.5671875 0.8453703703703703 0.004166666666666667 0.014814814814814815
0 0.5596354166666667 0.8527777777777777 0.005729166666666666 0.014814814814814815
0 0.5552083333333333 0.862037037037037 0.004166666666666667 0.012962962962962963
0 0.5455729166666666 0.8699074074074075 0.0046875 0.013888888888888888
0 0.5536458333333333 0.8787037037037037 0.004166666666666667 0.012962962962962963
0 0.5424479166666667 0.8976851851851851 0.0046875 0.017592592592592594
0 0.5307291666666667 0.8847222222222222 0.004166666666666667 0.01574074074074074
0 0.5263020833333333 0.8837962962962963 0.0046875 0.01574074074074074
0 0.5203125 0.8902777777777777 0.005208333333333333 0.017592592592592594
0 0.5372395833333333 0.9203703703703704 0.005729166666666666 0.014814814814814815
0 0.5299479166666666 0.9162037037037037 0.005729166666666666 0.019444444444444445
0 0.52578125 0.9337962962962963 0.0046875 0.013888888888888888
0 0.5153645833333333 0.9203703703703704 0.0067708333333333336 0.018518518518518517
0 0.5015625 0.9050925925925926 0.00625 0.017592592592592594
0 0.49505208333333334 0.9152777777777777 0.005729166666666666 0.019444444444444445
0 0.4890625 0.912962962962963 0.00625 0.016666666666666666
0 0.03229166666666667 0.7421296296296296 0.009375 0.023148148148148147
0 0.3182291666666667 0.5398148148148149 0.00625 0.014814814814814815
0 0.17760416666666667 0.425 0.004166666666666667 0.012962962962962963
0 0.2625 0.37546296296296294 0.00625 0.013888888888888888
2 0.23255208333333333 0.5481481481481482 0.04739583333333333 0.04259259259259259
2 0.33151041666666664 0.4671296296296296 0.043229166666666666 0.041666666666666664
2 0.44505208333333335 0.45416666666666666 0.0453125 0.04351851851851852