2 0.4044270833333333 0.47129629629629627 0.04739583333333333 0.044444444444444446
2 0.33359375 0.4625 0.04635416666666667 0.03981481481481482
2 0.24192708333333332 0.5421296296296296 0.0453125 0.05092592592592592
0 0.18359375 0.4212962962962963 0.005729166666666666 0.014814814814814815
0 0.265625 0.37037037037037035 0.005208333333333333 0.014814814814814815
0 0.33229166666666665 0.5824074074074074 0.007291666666666667 0.020370370370370372
0 0.56328125 0.8287037037037037 0.005729166666666666 0.016666666666666666
0 0.5692708333333333 0.8699074074074075 0.00625 0.017592592592592594
0 0.5565104166666667 0.837037037037037 0.0046875 0.012962962962962963
0 0.553125 0.85 0.004166666666666667 0.012962962962962963
0 0.5494791666666666 0.8569444444444444 0.004166666666666667 0.013888888888888888
0 0.54296875 0.8546296296296296 0.005729166666666666 0.018518518518518517
0 0.540625 0.8791666666666667 0.00625 0.017592592592592594
0 0.5294270833333333 0.8671296296296296 0.0046875 0.01574074074074074
0 0.5356770833333333 0.9009259259259259 0.0036458333333333334 0.012962962962962963
0 0.5299479166666666 0.9004629629629629 0.0046875 0.013888888888888888
0 0.5236979166666667 0.8671296296296296 0.0036458333333333334 0.012037037037037037
0 0.5192708333333333 0.8708333333333333 0.004166666666666667 0.013888888888888888
0 0.52421875 0.9157407407407407 0.0046875 0.014814814814814815
0 0.5143229166666666 0.9004629629629629 0.0046875 0.013888888888888888
0 0.5015625 0.8865740740740741 0.00625 0.017592592592592594
0 0.49505208333333334 0.8958333333333334 0.005729166666666666 0.01574074074074074
0 0.4895833333333333 0.8935185185185185 0.005208333333333333 0.014814814814814815
0 0.026302083333333334 0.8092592592592592 0.0078125 0.020370370370370372
0 0.046614583333333334 0.3675925925925926 0.0078125 0.016666666666666666