2 0.24296875 0.5606481481481481 0.0453125 0.028703703703703703
2 0.3880208333333333 0.4898148148148148 0.040625 0.03518518518518519
2 0.33984375 0.47685185185185186 0.04114583333333333 0.03148148148148148
0 0.18854166666666666 0.4356481481481482 0.00625 0.013888888888888888
0 0.27291666666666664 0.38564814814814813 0.007291666666666667 0.01574074074074074
0 0.33880208333333334 0.6180555555555556 0.0078125 0.01574074074074074
0 0.5627604166666667 0.8402777777777778 0.005729166666666666 0.017592592592592594
0 0.5700520833333333 0.8967592592592593 0.0067708333333333336 0.019444444444444445
0 0.5567708333333333 0.8476851851851852 0.004166666666666667 0.012037037037037037
0 0.5544270833333333 0.8601851851851852 0.0046875 0.014814814814814815
0 0.55078125 0.8703703703703703 0.0036458333333333334 0.016666666666666666
0 0.5442708333333334 0.8662037037037037 0.00625 0.017592592592592594
0 0.540625 0.8893518518518518 0.005208333333333333 0.017592592592592594
0 0.5372395833333333 0.912962962962963 0.0046875 0.014814814814814815
0 0.5315104166666667 0.9148148148148149 0.005729166666666666 0.014814814814814815
0 0.5302083333333333 0.8810185185185185 0.004166666666666667 0.013888888888888888
0 0.5255208333333333 0.8814814814814815 0.003125 0.016666666666666666
0 0.5208333333333334 0.8805555555555555 0.004166666666666667 0.016666666666666666
0 0.5260416666666666 0.9263888888888889 0.005208333333333333 0.013888888888888888
0 0.5158854166666667 0.9120370370370371 0.005729166666666666 0.016666666666666666
0 0.503125 0.8972222222222223 0.00625 0.018518518518518517
0 0.4984375 0.9074074074074074 0.004166666666666667 0.016666666666666666
0 0.49166666666666664 0.9064814814814814 0.005208333333333333 0.016666666666666666
0 0.024479166666666666 0.8555555555555555 0.007291666666666667 0.014814814814814815
0 0.053125 0.3819444444444444 0.00625 0.010185185185185186