1 0.20442708333333334 0.9166666666666666 0.03177083333333333 0.08148148148148149
2 0.5515625 0.2935185185185185 0.019791666666666666 0.024074074074074074
2 0.6416666666666667 0.2611111111111111 0.022916666666666665 0.03148148148148148
2 0.6432291666666666 0.22824074074074074 0.021875 0.023148148148148147
2 0.9755208333333333 0.27361111111111114 0.027083333333333334 0.028703703703703703
2 0.9447916666666667 0.31712962962962965 0.029166666666666667 0.026851851851851852
2 0.9424479166666667 0.28935185185185186 0.0296875 0.021296296296296296
2 0.9341145833333333 0.2675925925925926 0.0328125 0.022222222222222223
2 0.9205729166666666 0.24583333333333332 0.03177083333333333 0.023148148148148147
2 0.9125 0.31851851851851853 0.03125 0.027777777777777776
2 0.9028645833333333 0.28379629629629627 0.03177083333333333 0.023148148148148147
2 0.8888020833333333 0.21481481481481482 0.0140625 0.020370370370370372
0 0.9731770833333333 0.29259259259259257 0.0046875 0.009259259259259259
0 0.9875 0.2953703703703704 0.005208333333333333 0.011111111111111112
0 0.9677083333333333 0.30092592592592593 0.004166666666666667 0.012962962962962963
0 0.9799479166666667 0.30277777777777776 0.0046875 0.011111111111111112
0 0.9619791666666667 0.3143518518518518 0.003125 0.012037037037037037
0 0.9645833333333333 0.3189814814814815 0.004166666666666667 0.010185185185185186
0 0.8731770833333333 0.2865740740740741 0.0036458333333333334 0.013888888888888888
0 0.7434895833333334 0.6861111111111111 0.0078125 0.016666666666666666
0 0.8088541666666667 0.32222222222222224 0.004166666666666667 0.011111111111111112