1 0.5906542056074766 0.7945402298850575 0.15327102803738318 0.3706896551724138
1 0.2457943925233645 0.6839080459770115 0.1252336448598131 0.3390804597701149
1 0.09252336448598131 0.7011494252873564 0.11775700934579439 0.3160919540229885
1 0.03364485981308411 0.33477011494252873 0.059813084112149535 0.08333333333333333
1 0.018691588785046728 0.27155172413793105 0.037383177570093455 0.0603448275862069
1 0.33738317757009345 0.34195402298850575 0.04672897196261682 0.07471264367816093
1 0.33271028037383177 0.28160919540229884 0.029906542056074768 0.040229885057471264
1 0.22336448598130842 0.3045977011494253 0.05794392523364486 0.07471264367816093
1 0.2261682242990654 0.25287356321839083 0.03364485981308411 0.05747126436781609
1 0.19626168224299065 0.4051724137931034 0.06728971962616823 0.13218390804597702
1 0.41401869158878507 0.43103448275862066 0.07289719626168224 0.13793103448275862
1 0.39626168224299063 0.5704022988505747 0.10467289719626169 0.20977011494252873
1 0.5588785046728972 0.40373563218390807 0.06355140186915888 0.12931034482758622
1 0.7532710280373832 0.6135057471264368 0.1233644859813084 0.23850574712643677
1 0.9130841121495327 0.5244252873563219 0.09158878504672897 0.1867816091954023
1 0.697196261682243 0.40373563218390807 0.08971962616822429 0.1925287356321839
1 0.9065420560747663 0.3390804597701149 0.048598130841121495 0.05747126436781609
1 0.8897196261682243 0.27873563218390807 0.044859813084112146 0.05747126436781609
1 0.9738317757009346 0.28304597701149425 0.037383177570093455 0.04885057471264368
1 0.685981308411215 0.2614942528735632 0.037383177570093455 0.04597701149425287
1 0.7635514018691589 0.24856321839080459 0.028037383177570093 0.03735632183908046
1 0.6261682242990654 0.29022988505747127 0.07102803738317758 0.06896551724137931
1 0.5345794392523364 0.32471264367816094 0.044859813084112146 0.06896551724137931
1 0.7953271028037383 0.3448275862068966 0.07289719626168224 0.10919540229885058
1 0.8644859813084113 0.23419540229885058 0.028037383177570093 0.031609195402298854
1 0.9121495327102803 0.23994252873563218 0.026168224299065422 0.03735632183908046
1 0.44953271028037384 0.27729885057471265 0.03925233644859813 0.04885057471264368
1 0.4252336448598131 0.257183908045977 0.04299065420560748 0.04885057471264368
1 0.5196261682242991 0.23994252873563218 0.03364485981308411 0.04885057471264368
1 0.5953271028037384 0.22988505747126436 0.04672897196261682 0.040229885057471264
1 0.1616822429906542 0.1896551724137931 0.03925233644859813 0.034482758620689655
1 0.19813084112149532 0.19827586206896552 0.03364485981308411 0.040229885057471264
1 0.3579439252336449 0.20833333333333334 0.03177570093457944 0.04310344827586207
1 0.402803738317757 0.19540229885057472 0.024299065420560748 0.028735632183908046
1 0.7355140186915888 0.22701149425287356 0.024299065420560748 0.040229885057471264